
 check frequency: 0, call frequency: 1, raise frequency: 0, fold frequency: 0
 check frequency: 0, call frequency: 0.5, raise frequency: 0, fold frequency: 0.5
 check frequency: 0, call frequency: 0.3333333333333333, raise frequency: 0, fold frequency: 0.6666666666666666
 check frequency: 0, call frequency: 0.5, raise frequency: 0, fold frequency: 0.5
 check frequency: 0, call frequency: 0.4, raise frequency: 0, fold frequency: 0.6
 check frequency: 0, call frequency: 0.3333333333333333, raise frequency: 0, fold frequency: 0.6666666666666666
 check frequency: 0, call frequency: 0.42857142857142855, raise frequency: 0, fold frequency: 0.5714285714285714
 check frequency: 0, call frequency: 0.375, raise frequency: 0, fold frequency: 0.625
 check frequency: 0, call frequency: 0.3333333333333333, raise frequency: 0, fold frequency: 0.6666666666666666
 check frequency: 0, call frequency: 0.3, raise frequency: 0, fold frequency: 0.7
 check frequency: 0, call frequency: 0.36363636363636365, raise frequency: 0, fold frequency: 0.6363636363636364
 check frequency: 0, call frequency: 0.3333333333333333, raise frequency: 0.08333333333333333, fold frequency: 0.5833333333333334
 check frequency: 0, call frequency: 0.38461538461538464, raise frequency: 0.07692307692307693, fold frequency: 0.5384615384615384
 check frequency: 0, call frequency: 0.35714285714285715, raise frequency: 0.14285714285714285, fold frequency: 0.5
 check frequency: 0, call frequency: 0.3333333333333333, raise frequency: 0.2, fold frequency: 0.4666666666666667
 check frequency: 0, call frequency: 0.3125, raise frequency: 0.1875, fold frequency: 0.5
 check frequency: 0, call frequency: 0.29411764705882354, raise frequency: 0.17647058823529413, fold frequency: 0.5294117647058824
 check frequency: 0, call frequency: 0.2777777777777778, raise frequency: 0.16666666666666666, fold frequency: 0.5555555555555556
 check frequency: 0, call frequency: 0.3157894736842105, raise frequency: 0.15789473684210525, fold frequency: 0.5263157894736842
 check frequency: 0, call frequency: 0.3, raise frequency: 0.2, fold frequency: 0.5
 check frequency: 0, call frequency: 0.3333333333333333, raise frequency: 0.19047619047619047, fold frequency: 0.47619047619047616
 check frequency: 0, call frequency: 0.3181818181818182, raise frequency: 0.18181818181818182, fold frequency: 0.5
 check frequency: 0, call frequency: 0.34782608695652173, raise frequency: 0.17391304347826086, fold frequency: 0.4782608695652174
 check frequency: 0, call frequency: 0.3333333333333333, raise frequency: 0.20833333333333334, fold frequency: 0.4583333333333333
 check frequency: 0, call frequency: 0.32, raise frequency: 0.2, fold frequency: 0.48
 check frequency: 0, call frequency: 0.34615384615384615, raise frequency: 0.19230769230769232, fold frequency: 0.46153846153846156
 check frequency: 0, call frequency: 0.3333333333333333, raise frequency: 0.2222222222222222, fold frequency: 0.4444444444444444
 check frequency: 0, call frequency: 0.35714285714285715, raise frequency: 0.21428571428571427, fold frequency: 0.42857142857142855
 check frequency: 0, call frequency: 0.3448275862068966, raise frequency: 0.20689655172413793, fold frequency: 0.4482758620689655
 check frequency: 0, call frequency: 0.3333333333333333, raise frequency: 0.23333333333333334, fold frequency: 0.43333333333333335
 check frequency: 0, call frequency: 0.3225806451612903, raise frequency: 0.25806451612903225, fold frequency: 0.41935483870967744
 check frequency: 0, call frequency: 0.3125, raise frequency: 0.25, fold frequency: 0.4375
 check frequency: 0, call frequency: 0.3333333333333333, raise frequency: 0.24242424242424243, fold frequency: 0.42424242424242425
 check frequency: 0, call frequency: 0.3235294117647059, raise frequency: 0.2647058823529412, fold frequency: 0.4117647058823529
 check frequency: 0, call frequency: 0.3142857142857143, raise frequency: 0.2571428571428571, fold frequency: 0.42857142857142855
 check frequency: 0, call frequency: 0.3055555555555556, raise frequency: 0.25, fold frequency: 0.4444444444444444
 check frequency: 0, call frequency: 0.2972972972972973, raise frequency: 0.24324324324324326, fold frequency: 0.4594594594594595
 check frequency: 0, call frequency: 0.2894736842105263, raise frequency: 0.23684210526315788, fold frequency: 0.47368421052631576
 check frequency: 0, call frequency: 0.3076923076923077, raise frequency: 0.23076923076923078, fold frequency: 0.46153846153846156
 check frequency: 0, call frequency: 0.325, raise frequency: 0.225, fold frequency: 0.45
 check frequency: 0, call frequency: 0.34146341463414637, raise frequency: 0.21951219512195122, fold frequency: 0.43902439024390244
 check frequency: 0, call frequency: 0.3333333333333333, raise frequency: 0.23809523809523808, fold frequency: 0.42857142857142855
 check frequency: 0, call frequency: 0.32558139534883723, raise frequency: 0.23255813953488372, fold frequency: 0.4418604651162791
 check frequency: 0, call frequency: 0.3181818181818182, raise frequency: 0.22727272727272727, fold frequency: 0.45454545454545453
 check frequency: 0, call frequency: 0.3111111111111111, raise frequency: 0.2222222222222222, fold frequency: 0.4666666666666667
 check frequency: 0, call frequency: 0.32608695652173914, raise frequency: 0.21739130434782608, fold frequency: 0.45652173913043476
 check frequency: 0, call frequency: 0.3404255319148936, raise frequency: 0.2127659574468085, fold frequency: 0.44680851063829785
 check frequency: 0, call frequency: 0.3333333333333333, raise frequency: 0.22916666666666666, fold frequency: 0.4375
 check frequency: 0, call frequency: 0.32653061224489793, raise frequency: 0.22448979591836735, fold frequency: 0.4489795918367347
 check frequency: 0, call frequency: 0.32, raise frequency: 0.24, fold frequency: 0.44
 check frequency: 0, call frequency: 0.3137254901960784, raise frequency: 0.2549019607843137, fold frequency: 0.43137254901960786
 check frequency: 0, call frequency: 0.3076923076923077, raise frequency: 0.25, fold frequency: 0.4423076923076923
 check frequency: 0, call frequency: 0.3018867924528302, raise frequency: 0.24528301886792453, fold frequency: 0.4528301886792453
 check frequency: 0, call frequency: 0.2962962962962963, raise frequency: 0.24074074074074073, fold frequency: 0.46296296296296297
 check frequency: 0, call frequency: 0.2909090909090909, raise frequency: 0.23636363636363636, fold frequency: 0.4727272727272727
 check frequency: 0, call frequency: 0.2857142857142857, raise frequency: 0.23214285714285715, fold frequency: 0.48214285714285715
 check frequency: 0, call frequency: 0.2807017543859649, raise frequency: 0.22807017543859648, fold frequency: 0.49122807017543857
 check frequency: 0, call frequency: 0.27586206896551724, raise frequency: 0.2413793103448276, fold frequency: 0.4827586206896552
 check frequency: 0, call frequency: 0.2711864406779661, raise frequency: 0.23728813559322035, fold frequency: 0.4915254237288136
 check frequency: 0, call frequency: 0.26666666666666666, raise frequency: 0.23333333333333334, fold frequency: 0.5
 check frequency: 0, call frequency: 0.26229508196721313, raise frequency: 0.22950819672131148, fold frequency: 0.5081967213114754
 check frequency: 0, call frequency: 0.27419354838709675, raise frequency: 0.22580645161290322, fold frequency: 0.5
 check frequency: 0.015873015873015872, call frequency: 0.2698412698412698, raise frequency: 0.2222222222222222, fold frequency: 0.49206349206349204
 check frequency: 0.015625, call frequency: 0.28125, raise frequency: 0.21875, fold frequency: 0.484375
 check frequency: 0.03076923076923077, call frequency: 0.27692307692307694, raise frequency: 0.2153846153846154, fold frequency: 0.47692307692307695
 check frequency: 0.030303030303030304, call frequency: 0.2878787878787879, raise frequency: 0.21212121212121213, fold frequency: 0.4696969696969697
 check frequency: 0.04477611940298507, call frequency: 0.2835820895522388, raise frequency: 0.208955223880597, fold frequency: 0.4626865671641791
 check frequency: 0.04411764705882353, call frequency: 0.27941176470588236, raise frequency: 0.20588235294117646, fold frequency: 0.47058823529411764
 check frequency: 0.043478260869565216, call frequency: 0.2753623188405797, raise frequency: 0.2028985507246377, fold frequency: 0.4782608695652174
 check frequency: 0.04285714285714286, call frequency: 0.2857142857142857, raise frequency: 0.2, fold frequency: 0.4714285714285714
 check frequency: 0.04225352112676056, call frequency: 0.28169014084507044, raise frequency: 0.2112676056338028, fold frequency: 0.4647887323943662
 check frequency: 0.041666666666666664, call frequency: 0.2777777777777778, raise frequency: 0.20833333333333334, fold frequency: 0.4722222222222222
 check frequency: 0.0410958904109589, call frequency: 0.273972602739726, raise frequency: 0.2191780821917808, fold frequency: 0.4657534246575342
 check frequency: 0.05405405405405406, call frequency: 0.2702702702702703, raise frequency: 0.21621621621621623, fold frequency: 0.4594594594594595
 check frequency: 0.06666666666666667, call frequency: 0.26666666666666666, raise frequency: 0.21333333333333335, fold frequency: 0.4533333333333333
 check frequency: 0.06578947368421052, call frequency: 0.2631578947368421, raise frequency: 0.21052631578947367, fold frequency: 0.4605263157894737
 check frequency: 0.06493506493506493, call frequency: 0.2727272727272727, raise frequency: 0.2077922077922078, fold frequency: 0.45454545454545453
 check frequency: 0.0641025641025641, call frequency: 0.28205128205128205, raise frequency: 0.20512820512820512, fold frequency: 0.44871794871794873
 check frequency: 0.06329113924050633, call frequency: 0.2911392405063291, raise frequency: 0.20253164556962025, fold frequency: 0.4430379746835443
 check frequency: 0.0625, call frequency: 0.2875, raise frequency: 0.2125, fold frequency: 0.4375
 check frequency: 0.06172839506172839, call frequency: 0.2839506172839506, raise frequency: 0.20987654320987653, fold frequency: 0.4444444444444444
 check frequency: 0.06097560975609756, call frequency: 0.2804878048780488, raise frequency: 0.2073170731707317, fold frequency: 0.45121951219512196
 check frequency: 0.060240963855421686, call frequency: 0.27710843373493976, raise frequency: 0.20481927710843373, fold frequency: 0.4578313253012048
 check frequency: 0.05952380952380952, call frequency: 0.27380952380952384, raise frequency: 0.20238095238095238, fold frequency: 0.4642857142857143
 check frequency: 0.058823529411764705, call frequency: 0.27058823529411763, raise frequency: 0.2, fold frequency: 0.47058823529411764
 check frequency: 0.05813953488372093, call frequency: 0.26744186046511625, raise frequency: 0.19767441860465115, fold frequency: 0.47674418604651164
 check frequency: 0.05747126436781609, call frequency: 0.26436781609195403, raise frequency: 0.19540229885057472, fold frequency: 0.4827586206896552
 check frequency: 0.056818181818181816, call frequency: 0.26136363636363635, raise frequency: 0.19318181818181818, fold frequency: 0.48863636363636365
 check frequency: 0.056179775280898875, call frequency: 0.2696629213483146, raise frequency: 0.19101123595505617, fold frequency: 0.48314606741573035
 check frequency: 0.05555555555555555, call frequency: 0.26666666666666666, raise frequency: 0.2, fold frequency: 0.4777777777777778
 check frequency: 0.054945054945054944, call frequency: 0.26373626373626374, raise frequency: 0.1978021978021978, fold frequency: 0.4835164835164835
 check frequency: 0.05434782608695652, call frequency: 0.2608695652173913, raise frequency: 0.1956521739130435, fold frequency: 0.4891304347826087
 check frequency: 0.053763440860215055, call frequency: 0.25806451612903225, raise frequency: 0.1935483870967742, fold frequency: 0.4946236559139785
 check frequency: 0.05319148936170213, call frequency: 0.2553191489361702, raise frequency: 0.20212765957446807, fold frequency: 0.48936170212765956
 check frequency: 0.05263157894736842, call frequency: 0.25263157894736843, raise frequency: 0.2, fold frequency: 0.49473684210526314
 check frequency: 0.052083333333333336, call frequency: 0.25, raise frequency: 0.19791666666666666, fold frequency: 0.5
 check frequency: 0.05154639175257732, call frequency: 0.25773195876288657, raise frequency: 0.1958762886597938, fold frequency: 0.4948453608247423
 check frequency: 0.05102040816326531, call frequency: 0.25510204081632654, raise frequency: 0.20408163265306123, fold frequency: 0.4897959183673469
 check frequency: 0.050505050505050504, call frequency: 0.25252525252525254, raise frequency: 0.20202020202020202, fold frequency: 0.494949494949495
 check frequency: 0.05, call frequency: 0.25, raise frequency: 0.2, fold frequency: 0.5
 check frequency: 0.04950495049504951, call frequency: 0.24752475247524752, raise frequency: 0.19801980198019803, fold frequency: 0.504950495049505
 check frequency: 0.049019607843137254, call frequency: 0.2549019607843137, raise frequency: 0.19607843137254902, fold frequency: 0.5
 check frequency: 0.05825242718446602, call frequency: 0.2524271844660194, raise frequency: 0.1941747572815534, fold frequency: 0.49514563106796117
 check frequency: 0.057692307692307696, call frequency: 0.25, raise frequency: 0.19230769230769232, fold frequency: 0.5
 check frequency: 0.05714285714285714, call frequency: 0.24761904761904763, raise frequency: 0.19047619047619047, fold frequency: 0.5047619047619047
 check frequency: 0.05660377358490566, call frequency: 0.25471698113207547, raise frequency: 0.18867924528301888, fold frequency: 0.5
 check frequency: 0.06542056074766354, call frequency: 0.2523364485981308, raise frequency: 0.18691588785046728, fold frequency: 0.4953271028037383
 check frequency: 0.06481481481481481, call frequency: 0.25, raise frequency: 0.18518518518518517, fold frequency: 0.5
 check frequency: 0.06422018348623854, call frequency: 0.24770642201834864, raise frequency: 0.1834862385321101, fold frequency: 0.5045871559633027
 check frequency: 0.06363636363636363, call frequency: 0.24545454545454545, raise frequency: 0.19090909090909092, fold frequency: 0.5
 check frequency: 0.06306306306306306, call frequency: 0.24324324324324326, raise frequency: 0.1981981981981982, fold frequency: 0.4954954954954955
 check frequency: 0.0625, call frequency: 0.25, raise frequency: 0.19642857142857142, fold frequency: 0.49107142857142855
 check frequency: 0.061946902654867256, call frequency: 0.25663716814159293, raise frequency: 0.19469026548672566, fold frequency: 0.48672566371681414
 check frequency: 0.06140350877192982, call frequency: 0.2543859649122807, raise frequency: 0.20175438596491227, fold frequency: 0.4824561403508772
 check frequency: 0.06086956521739131, call frequency: 0.2608695652173913, raise frequency: 0.2, fold frequency: 0.4782608695652174
 check frequency: 0.06896551724137931, call frequency: 0.25862068965517243, raise frequency: 0.19827586206896552, fold frequency: 0.47413793103448276
 check frequency: 0.06837606837606838, call frequency: 0.26495726495726496, raise frequency: 0.19658119658119658, fold frequency: 0.4700854700854701
 check frequency: 0.07627118644067797, call frequency: 0.2627118644067797, raise frequency: 0.19491525423728814, fold frequency: 0.4661016949152542
 check frequency: 0.08403361344537816, call frequency: 0.2605042016806723, raise frequency: 0.19327731092436976, fold frequency: 0.46218487394957986
 check frequency: 0.08333333333333333, call frequency: 0.25833333333333336, raise frequency: 0.2, fold frequency: 0.4583333333333333
 check frequency: 0.08264462809917356, call frequency: 0.256198347107438, raise frequency: 0.19834710743801653, fold frequency: 0.4628099173553719
 check frequency: 0.08196721311475409, call frequency: 0.2540983606557377, raise frequency: 0.19672131147540983, fold frequency: 0.4672131147540984
 check frequency: 0.08130081300813008, call frequency: 0.25203252032520324, raise frequency: 0.1951219512195122, fold frequency: 0.4715447154471545
 check frequency: 0.08064516129032258, call frequency: 0.25, raise frequency: 0.1935483870967742, fold frequency: 0.47580645161290325
 check frequency: 0.08, call frequency: 0.248, raise frequency: 0.192, fold frequency: 0.48
 check frequency: 0.07936507936507936, call frequency: 0.24603174603174602, raise frequency: 0.19047619047619047, fold frequency: 0.48412698412698413
 check frequency: 0.07874015748031496, call frequency: 0.25196850393700787, raise frequency: 0.1889763779527559, fold frequency: 0.48031496062992124
 check frequency: 0.078125, call frequency: 0.2578125, raise frequency: 0.1875, fold frequency: 0.4765625
 check frequency: 0.07751937984496124, call frequency: 0.26356589147286824, raise frequency: 0.18604651162790697, fold frequency: 0.4728682170542636
 check frequency: 0.07692307692307693, call frequency: 0.26153846153846155, raise frequency: 0.19230769230769232, fold frequency: 0.46923076923076923
 check frequency: 0.07633587786259542, call frequency: 0.2595419847328244, raise frequency: 0.19083969465648856, fold frequency: 0.4732824427480916
 check frequency: 0.07575757575757576, call frequency: 0.26515151515151514, raise frequency: 0.1893939393939394, fold frequency: 0.4696969696969697
 check frequency: 0.07518796992481203, call frequency: 0.2706766917293233, raise frequency: 0.18796992481203006, fold frequency: 0.46616541353383456
 check frequency: 0.07462686567164178, call frequency: 0.26865671641791045, raise frequency: 0.1865671641791045, fold frequency: 0.4701492537313433
 check frequency: 0.07407407407407407, call frequency: 0.26666666666666666, raise frequency: 0.18518518518518517, fold frequency: 0.4740740740740741
 check frequency: 0.07352941176470588, call frequency: 0.2647058823529412, raise frequency: 0.18382352941176472, fold frequency: 0.47794117647058826
 check frequency: 0.072992700729927, call frequency: 0.26277372262773724, raise frequency: 0.18248175182481752, fold frequency: 0.48175182481751827
 check frequency: 0.07246376811594203, call frequency: 0.2608695652173913, raise frequency: 0.18115942028985507, fold frequency: 0.4855072463768116
 check frequency: 0.07194244604316546, call frequency: 0.2589928057553957, raise frequency: 0.17985611510791366, fold frequency: 0.4892086330935252
 check frequency: 0.07142857142857142, call frequency: 0.2571428571428571, raise frequency: 0.17857142857142858, fold frequency: 0.4928571428571429
 check frequency: 0.07092198581560284, call frequency: 0.2553191489361702, raise frequency: 0.1773049645390071, fold frequency: 0.49645390070921985
 check frequency: 0.07042253521126761, call frequency: 0.2535211267605634, raise frequency: 0.176056338028169, fold frequency: 0.5
 check frequency: 0.06993006993006994, call frequency: 0.2517482517482518, raise frequency: 0.17482517482517482, fold frequency: 0.5034965034965035
 check frequency: 0.06944444444444445, call frequency: 0.2569444444444444, raise frequency: 0.1736111111111111, fold frequency: 0.5
 check frequency: 0.06896551724137931, call frequency: 0.2620689655172414, raise frequency: 0.1724137931034483, fold frequency: 0.496551724137931
 check frequency: 0.0684931506849315, call frequency: 0.2671232876712329, raise frequency: 0.17123287671232876, fold frequency: 0.4931506849315068
 check frequency: 0.06802721088435375, call frequency: 0.2653061224489796, raise frequency: 0.17687074829931973, fold frequency: 0.4897959183673469
 check frequency: 0.06756756756756757, call frequency: 0.2635135135135135, raise frequency: 0.17567567567567569, fold frequency: 0.49324324324324326
 check frequency: 0.06711409395973154, call frequency: 0.26174496644295303, raise frequency: 0.174496644295302, fold frequency: 0.4966442953020134
 check frequency: 0.06666666666666667, call frequency: 0.26, raise frequency: 0.17333333333333334, fold frequency: 0.5
 check frequency: 0.06622516556291391, call frequency: 0.2582781456953642, raise frequency: 0.17218543046357615, fold frequency: 0.5033112582781457
 check frequency: 0.06578947368421052, call frequency: 0.2565789473684211, raise frequency: 0.17105263157894737, fold frequency: 0.506578947368421
 check frequency: 0.06535947712418301, call frequency: 0.2549019607843137, raise frequency: 0.17647058823529413, fold frequency: 0.5032679738562091
 check frequency: 0.06493506493506493, call frequency: 0.2597402597402597, raise frequency: 0.17532467532467533, fold frequency: 0.5
 check frequency: 0.06451612903225806, call frequency: 0.25806451612903225, raise frequency: 0.17419354838709677, fold frequency: 0.5032258064516129
 check frequency: 0.0641025641025641, call frequency: 0.2564102564102564, raise frequency: 0.17307692307692307, fold frequency: 0.5064102564102564
 check frequency: 0.06369426751592357, call frequency: 0.2611464968152866, raise frequency: 0.17197452229299362, fold frequency: 0.5031847133757962
 check frequency: 0.06329113924050633, call frequency: 0.26582278481012656, raise frequency: 0.17088607594936708, fold frequency: 0.5
 check frequency: 0.06289308176100629, call frequency: 0.27044025157232704, raise frequency: 0.16981132075471697, fold frequency: 0.4968553459119497
 check frequency: 0.06875, call frequency: 0.26875, raise frequency: 0.16875, fold frequency: 0.49375
 check frequency: 0.07453416149068323, call frequency: 0.2670807453416149, raise frequency: 0.16770186335403728, fold frequency: 0.4906832298136646
 check frequency: 0.07407407407407407, call frequency: 0.2654320987654321, raise frequency: 0.16666666666666666, fold frequency: 0.49382716049382713
 check frequency: 0.0736196319018405, call frequency: 0.26993865030674846, raise frequency: 0.1656441717791411, fold frequency: 0.49079754601226994
 check frequency: 0.07317073170731707, call frequency: 0.27439024390243905, raise frequency: 0.16463414634146342, fold frequency: 0.4878048780487805
 check frequency: 0.07272727272727272, call frequency: 0.2727272727272727, raise frequency: 0.1696969696969697, fold frequency: 0.48484848484848486
 check frequency: 0.07228915662650602, call frequency: 0.2710843373493976, raise frequency: 0.1686746987951807, fold frequency: 0.4879518072289157
 check frequency: 0.0718562874251497, call frequency: 0.2694610778443114, raise frequency: 0.16766467065868262, fold frequency: 0.49101796407185627
 check frequency: 0.07142857142857142, call frequency: 0.26785714285714285, raise frequency: 0.16666666666666666, fold frequency: 0.49404761904761907
 check frequency: 0.07100591715976332, call frequency: 0.27218934911242604, raise frequency: 0.16568047337278108, fold frequency: 0.4911242603550296
 check frequency: 0.07058823529411765, call frequency: 0.27647058823529413, raise frequency: 0.16470588235294117, fold frequency: 0.48823529411764705
 check frequency: 0.07017543859649122, call frequency: 0.2807017543859649, raise frequency: 0.16374269005847952, fold frequency: 0.4853801169590643
 check frequency: 0.0755813953488372, call frequency: 0.27906976744186046, raise frequency: 0.16279069767441862, fold frequency: 0.48255813953488375
 check frequency: 0.07514450867052024, call frequency: 0.2832369942196532, raise frequency: 0.16184971098265896, fold frequency: 0.4797687861271676
 check frequency: 0.07471264367816093, call frequency: 0.28735632183908044, raise frequency: 0.16091954022988506, fold frequency: 0.47701149425287354
 check frequency: 0.08, call frequency: 0.2857142857142857, raise frequency: 0.16, fold frequency: 0.4742857142857143
 check frequency: 0.07954545454545454, call frequency: 0.2897727272727273, raise frequency: 0.1590909090909091, fold frequency: 0.4715909090909091
 check frequency: 0.0847457627118644, call frequency: 0.288135593220339, raise frequency: 0.15819209039548024, fold frequency: 0.4689265536723164
 check frequency: 0.08426966292134831, call frequency: 0.28651685393258425, raise frequency: 0.15730337078651685, fold frequency: 0.47191011235955055
 check frequency: 0.08379888268156424, call frequency: 0.2905027932960894, raise frequency: 0.1564245810055866, fold frequency: 0.4692737430167598
 check frequency: 0.08333333333333333, call frequency: 0.29444444444444445, raise frequency: 0.15555555555555556, fold frequency: 0.4666666666666667
 check frequency: 0.08287292817679558, call frequency: 0.292817679558011, raise frequency: 0.15469613259668508, fold frequency: 0.4696132596685083
 check frequency: 0.08241758241758242, call frequency: 0.29120879120879123, raise frequency: 0.15384615384615385, fold frequency: 0.4725274725274725
 check frequency: 0.08196721311475409, call frequency: 0.2896174863387978, raise frequency: 0.15300546448087432, fold frequency: 0.47540983606557374
 check frequency: 0.08152173913043478, call frequency: 0.28804347826086957, raise frequency: 0.15217391304347827, fold frequency: 0.4782608695652174
 check frequency: 0.08108108108108109, call frequency: 0.2864864864864865, raise frequency: 0.15135135135135136, fold frequency: 0.4810810810810811
 check frequency: 0.08064516129032258, call frequency: 0.2903225806451613, raise frequency: 0.15053763440860216, fold frequency: 0.478494623655914
 check frequency: 0.08021390374331551, call frequency: 0.2887700534759358, raise frequency: 0.15508021390374332, fold frequency: 0.47593582887700536
 check frequency: 0.0797872340425532, call frequency: 0.2872340425531915, raise frequency: 0.15425531914893617, fold frequency: 0.4787234042553192
 check frequency: 0.07936507936507936, call frequency: 0.2857142857142857, raise frequency: 0.15343915343915343, fold frequency: 0.48148148148148145
 check frequency: 0.07894736842105263, call frequency: 0.2894736842105263, raise frequency: 0.15263157894736842, fold frequency: 0.4789473684210526
 check frequency: 0.07853403141361257, call frequency: 0.2931937172774869, raise frequency: 0.1518324607329843, fold frequency: 0.47643979057591623
 check frequency: 0.078125, call frequency: 0.2916666666666667, raise frequency: 0.15104166666666666, fold frequency: 0.4791666666666667