
 check frequency: 0, call frequency: 1, raise frequency: 0, fold frequency: 0
 check frequency: 0, call frequency: 0.5, raise frequency: 0.5, fold frequency: 0
 check frequency: 0.3333333333333333, call frequency: 0.3333333333333333, raise frequency: 0.3333333333333333, fold frequency: 0
 check frequency: 0.25, call frequency: 0.5, raise frequency: 0.25, fold frequency: 0
 check frequency: 0.2, call frequency: 0.6, raise frequency: 0.2, fold frequency: 0
 check frequency: 0.16666666666666666, call frequency: 0.6666666666666666, raise frequency: 0.16666666666666666, fold frequency: 0
 check frequency: 0.14285714285714285, call frequency: 0.5714285714285714, raise frequency: 0.14285714285714285, fold frequency: 0.14285714285714285
 check frequency: 0.125, call frequency: 0.5, raise frequency: 0.125, fold frequency: 0.25
 check frequency: 0.1111111111111111, call frequency: 0.4444444444444444, raise frequency: 0.1111111111111111, fold frequency: 0.3333333333333333
 check frequency: 0.1, call frequency: 0.5, raise frequency: 0.1, fold frequency: 0.3
 check frequency: 0.09090909090909091, call frequency: 0.5454545454545454, raise frequency: 0.09090909090909091, fold frequency: 0.2727272727272727
 check frequency: 0.08333333333333333, call frequency: 0.5833333333333334, raise frequency: 0.08333333333333333, fold frequency: 0.25
 check frequency: 0.07692307692307693, call frequency: 0.6153846153846154, raise frequency: 0.07692307692307693, fold frequency: 0.23076923076923078
 check frequency: 0.07142857142857142, call frequency: 0.6428571428571429, raise frequency: 0.07142857142857142, fold frequency: 0.21428571428571427
 check frequency: 0.06666666666666667, call frequency: 0.6666666666666666, raise frequency: 0.06666666666666667, fold frequency: 0.2
 check frequency: 0.0625, call frequency: 0.6875, raise frequency: 0.0625, fold frequency: 0.1875
 check frequency: 0.058823529411764705, call frequency: 0.7058823529411765, raise frequency: 0.058823529411764705, fold frequency: 0.17647058823529413
 check frequency: 0.05555555555555555, call frequency: 0.7222222222222222, raise frequency: 0.05555555555555555, fold frequency: 0.16666666666666666
 check frequency: 0.05263157894736842, call frequency: 0.7368421052631579, raise frequency: 0.05263157894736842, fold frequency: 0.15789473684210525
 check frequency: 0.05, call frequency: 0.75, raise frequency: 0.05, fold frequency: 0.15
 check frequency: 0.047619047619047616, call frequency: 0.7619047619047619, raise frequency: 0.047619047619047616, fold frequency: 0.14285714285714285
 check frequency: 0.045454545454545456, call frequency: 0.7272727272727273, raise frequency: 0.09090909090909091, fold frequency: 0.13636363636363635
 check frequency: 0.043478260869565216, call frequency: 0.6956521739130435, raise frequency: 0.08695652173913043, fold frequency: 0.17391304347826086
 check frequency: 0.08333333333333333, call frequency: 0.6666666666666666, raise frequency: 0.08333333333333333, fold frequency: 0.16666666666666666
 check frequency: 0.08, call frequency: 0.64, raise frequency: 0.12, fold frequency: 0.16
 check frequency: 0.07692307692307693, call frequency: 0.6538461538461539, raise frequency: 0.11538461538461539, fold frequency: 0.15384615384615385
 check frequency: 0.07407407407407407, call frequency: 0.6296296296296297, raise frequency: 0.1111111111111111, fold frequency: 0.18518518518518517
 check frequency: 0.07142857142857142, call frequency: 0.6071428571428571, raise frequency: 0.10714285714285714, fold frequency: 0.21428571428571427
 check frequency: 0.06896551724137931, call frequency: 0.5862068965517241, raise frequency: 0.10344827586206896, fold frequency: 0.2413793103448276
 check frequency: 0.1, call frequency: 0.5666666666666667, raise frequency: 0.1, fold frequency: 0.23333333333333334
 check frequency: 0.0967741935483871, call frequency: 0.5483870967741935, raise frequency: 0.12903225806451613, fold frequency: 0.22580645161290322
 check frequency: 0.09375, call frequency: 0.53125, raise frequency: 0.15625, fold frequency: 0.21875
 check frequency: 0.09090909090909091, call frequency: 0.5454545454545454, raise frequency: 0.15151515151515152, fold frequency: 0.21212121212121213
 check frequency: 0.08823529411764706, call frequency: 0.5294117647058824, raise frequency: 0.14705882352941177, fold frequency: 0.23529411764705882
 check frequency: 0.11428571428571428, call frequency: 0.5142857142857142, raise frequency: 0.14285714285714285, fold frequency: 0.22857142857142856
 check frequency: 0.1388888888888889, call frequency: 0.5, raise frequency: 0.1388888888888889, fold frequency: 0.2222222222222222
 check frequency: 0.16216216216216217, call frequency: 0.4864864864864865, raise frequency: 0.13513513513513514, fold frequency: 0.21621621621621623
 check frequency: 0.18421052631578946, call frequency: 0.47368421052631576, raise frequency: 0.13157894736842105, fold frequency: 0.21052631578947367
 check frequency: 0.1794871794871795, call frequency: 0.48717948717948717, raise frequency: 0.1282051282051282, fold frequency: 0.20512820512820512
 check frequency: 0.175, call frequency: 0.5, raise frequency: 0.125, fold frequency: 0.2
 check frequency: 0.17073170731707318, call frequency: 0.5121951219512195, raise frequency: 0.12195121951219512, fold frequency: 0.1951219512195122
 check frequency: 0.16666666666666666, call frequency: 0.5, raise frequency: 0.11904761904761904, fold frequency: 0.21428571428571427
 check frequency: 0.16279069767441862, call frequency: 0.4883720930232558, raise frequency: 0.11627906976744186, fold frequency: 0.23255813953488372
 check frequency: 0.1590909090909091, call frequency: 0.5, raise frequency: 0.11363636363636363, fold frequency: 0.22727272727272727
 check frequency: 0.15555555555555556, call frequency: 0.5111111111111111, raise frequency: 0.1111111111111111, fold frequency: 0.2222222222222222
 check frequency: 0.15217391304347827, call frequency: 0.5217391304347826, raise frequency: 0.10869565217391304, fold frequency: 0.21739130434782608
 check frequency: 0.14893617021276595, call frequency: 0.5319148936170213, raise frequency: 0.10638297872340426, fold frequency: 0.2127659574468085
 check frequency: 0.14583333333333334, call frequency: 0.5416666666666666, raise frequency: 0.10416666666666667, fold frequency: 0.20833333333333334
 check frequency: 0.14285714285714285, call frequency: 0.5510204081632653, raise frequency: 0.10204081632653061, fold frequency: 0.20408163265306123
 check frequency: 0.14, call frequency: 0.54, raise frequency: 0.1, fold frequency: 0.22
 check frequency: 0.1568627450980392, call frequency: 0.5294117647058824, raise frequency: 0.09803921568627451, fold frequency: 0.21568627450980393
 check frequency: 0.17307692307692307, call frequency: 0.5192307692307693, raise frequency: 0.09615384615384616, fold frequency: 0.21153846153846154
 check frequency: 0.16981132075471697, call frequency: 0.5094339622641509, raise frequency: 0.11320754716981132, fold frequency: 0.20754716981132076
 check frequency: 0.16666666666666666, call frequency: 0.5, raise frequency: 0.1111111111111111, fold frequency: 0.2222222222222222
 check frequency: 0.16363636363636364, call frequency: 0.4909090909090909, raise frequency: 0.12727272727272726, fold frequency: 0.21818181818181817
 check frequency: 0.16071428571428573, call frequency: 0.5, raise frequency: 0.125, fold frequency: 0.21428571428571427
 check frequency: 0.15789473684210525, call frequency: 0.5087719298245614, raise frequency: 0.12280701754385964, fold frequency: 0.21052631578947367
 check frequency: 0.15517241379310345, call frequency: 0.5172413793103449, raise frequency: 0.1206896551724138, fold frequency: 0.20689655172413793
 check frequency: 0.15254237288135594, call frequency: 0.5084745762711864, raise frequency: 0.11864406779661017, fold frequency: 0.22033898305084745
 check frequency: 0.15, call frequency: 0.5, raise frequency: 0.11666666666666667, fold frequency: 0.23333333333333334
 check frequency: 0.14754098360655737, call frequency: 0.4918032786885246, raise frequency: 0.11475409836065574, fold frequency: 0.2459016393442623
 check frequency: 0.16129032258064516, call frequency: 0.4838709677419355, raise frequency: 0.11290322580645161, fold frequency: 0.24193548387096775
 check frequency: 0.15873015873015872, call frequency: 0.49206349206349204, raise frequency: 0.1111111111111111, fold frequency: 0.23809523809523808
 check frequency: 0.15625, call frequency: 0.484375, raise frequency: 0.125, fold frequency: 0.234375
 check frequency: 0.15384615384615385, call frequency: 0.47692307692307695, raise frequency: 0.13846153846153847, fold frequency: 0.23076923076923078
 check frequency: 0.15151515151515152, call frequency: 0.4696969696969697, raise frequency: 0.13636363636363635, fold frequency: 0.24242424242424243
 check frequency: 0.16417910447761194, call frequency: 0.4626865671641791, raise frequency: 0.13432835820895522, fold frequency: 0.23880597014925373
 check frequency: 0.16176470588235295, call frequency: 0.47058823529411764, raise frequency: 0.1323529411764706, fold frequency: 0.23529411764705882
 check frequency: 0.15942028985507245, call frequency: 0.463768115942029, raise frequency: 0.13043478260869565, fold frequency: 0.2463768115942029
 check frequency: 0.15714285714285714, call frequency: 0.45714285714285713, raise frequency: 0.12857142857142856, fold frequency: 0.2571428571428571
 check frequency: 0.16901408450704225, call frequency: 0.4507042253521127, raise frequency: 0.1267605633802817, fold frequency: 0.2535211267605634
 check frequency: 0.16666666666666666, call frequency: 0.4444444444444444, raise frequency: 0.1388888888888889, fold frequency: 0.25
 check frequency: 0.1643835616438356, call frequency: 0.4383561643835616, raise frequency: 0.1506849315068493, fold frequency: 0.2465753424657534
 check frequency: 0.16216216216216217, call frequency: 0.43243243243243246, raise frequency: 0.16216216216216217, fold frequency: 0.24324324324324326
 check frequency: 0.16, call frequency: 0.44, raise frequency: 0.16, fold frequency: 0.24
 check frequency: 0.15789473684210525, call frequency: 0.4342105263157895, raise frequency: 0.15789473684210525, fold frequency: 0.25
 check frequency: 0.16883116883116883, call frequency: 0.42857142857142855, raise frequency: 0.15584415584415584, fold frequency: 0.24675324675324675
 check frequency: 0.1794871794871795, call frequency: 0.4230769230769231, raise frequency: 0.15384615384615385, fold frequency: 0.24358974358974358
 check frequency: 0.17721518987341772, call frequency: 0.43037974683544306, raise frequency: 0.1518987341772152, fold frequency: 0.24050632911392406
 check frequency: 0.175, call frequency: 0.425, raise frequency: 0.1625, fold frequency: 0.2375
 check frequency: 0.1728395061728395, call frequency: 0.41975308641975306, raise frequency: 0.16049382716049382, fold frequency: 0.24691358024691357
 check frequency: 0.17073170731707318, call frequency: 0.4146341463414634, raise frequency: 0.15853658536585366, fold frequency: 0.25609756097560976
 check frequency: 0.1686746987951807, call frequency: 0.42168674698795183, raise frequency: 0.1566265060240964, fold frequency: 0.25301204819277107
 check frequency: 0.16666666666666666, call frequency: 0.4166666666666667, raise frequency: 0.15476190476190477, fold frequency: 0.2619047619047619
 check frequency: 0.16470588235294117, call frequency: 0.4117647058823529, raise frequency: 0.15294117647058825, fold frequency: 0.27058823529411763
 check frequency: 0.16279069767441862, call frequency: 0.4069767441860465, raise frequency: 0.16279069767441862, fold frequency: 0.26744186046511625
 check frequency: 0.16091954022988506, call frequency: 0.40229885057471265, raise frequency: 0.1724137931034483, fold frequency: 0.26436781609195403
 check frequency: 0.1590909090909091, call frequency: 0.4090909090909091, raise frequency: 0.17045454545454544, fold frequency: 0.26136363636363635
 check frequency: 0.15730337078651685, call frequency: 0.4157303370786517, raise frequency: 0.16853932584269662, fold frequency: 0.25842696629213485
 check frequency: 0.15555555555555556, call frequency: 0.4111111111111111, raise frequency: 0.17777777777777778, fold frequency: 0.25555555555555554
 check frequency: 0.15384615384615385, call frequency: 0.4065934065934066, raise frequency: 0.18681318681318682, fold frequency: 0.25274725274725274
 check frequency: 0.15217391304347827, call frequency: 0.41304347826086957, raise frequency: 0.18478260869565216, fold frequency: 0.25
 check frequency: 0.15053763440860216, call frequency: 0.41935483870967744, raise frequency: 0.1827956989247312, fold frequency: 0.24731182795698925
 check frequency: 0.14893617021276595, call frequency: 0.4148936170212766, raise frequency: 0.18085106382978725, fold frequency: 0.2553191489361702
 check frequency: 0.14736842105263157, call frequency: 0.4105263157894737, raise frequency: 0.17894736842105263, fold frequency: 0.2631578947368421
 check frequency: 0.14583333333333334, call frequency: 0.4166666666666667, raise frequency: 0.17708333333333334, fold frequency: 0.2604166666666667
 check frequency: 0.15463917525773196, call frequency: 0.41237113402061853, raise frequency: 0.17525773195876287, fold frequency: 0.25773195876288657
 check frequency: 0.16326530612244897, call frequency: 0.40816326530612246, raise frequency: 0.17346938775510204, fold frequency: 0.25510204081632654
 check frequency: 0.1717171717171717, call frequency: 0.40404040404040403, raise frequency: 0.1717171717171717, fold frequency: 0.25252525252525254
 check frequency: 0.17, call frequency: 0.4, raise frequency: 0.17, fold frequency: 0.26
 check frequency: 0.16831683168316833, call frequency: 0.39603960396039606, raise frequency: 0.16831683168316833, fold frequency: 0.26732673267326734
 check frequency: 0.16666666666666666, call frequency: 0.39215686274509803, raise frequency: 0.16666666666666666, fold frequency: 0.27450980392156865
 check frequency: 0.17475728155339806, call frequency: 0.3883495145631068, raise frequency: 0.1650485436893204, fold frequency: 0.27184466019417475
 check frequency: 0.17307692307692307, call frequency: 0.38461538461538464, raise frequency: 0.16346153846153846, fold frequency: 0.27884615384615385
 check frequency: 0.17142857142857143, call frequency: 0.3904761904761905, raise frequency: 0.1619047619047619, fold frequency: 0.2761904761904762
 check frequency: 0.16981132075471697, call frequency: 0.3867924528301887, raise frequency: 0.16037735849056603, fold frequency: 0.2830188679245283
 check frequency: 0.17757009345794392, call frequency: 0.38317757009345793, raise frequency: 0.1588785046728972, fold frequency: 0.2803738317757009
 check frequency: 0.18518518518518517, call frequency: 0.37962962962962965, raise frequency: 0.1574074074074074, fold frequency: 0.2777777777777778
 check frequency: 0.1926605504587156, call frequency: 0.3761467889908257, raise frequency: 0.1559633027522936, fold frequency: 0.27522935779816515
 check frequency: 0.2, call frequency: 0.37272727272727274, raise frequency: 0.15454545454545454, fold frequency: 0.2727272727272727
 check frequency: 0.1981981981981982, call frequency: 0.3783783783783784, raise frequency: 0.15315315315315314, fold frequency: 0.2702702702702703
 check frequency: 0.19642857142857142, call frequency: 0.38392857142857145, raise frequency: 0.15178571428571427, fold frequency: 0.26785714285714285
 check frequency: 0.19469026548672566, call frequency: 0.3805309734513274, raise frequency: 0.1592920353982301, fold frequency: 0.26548672566371684
 check frequency: 0.19298245614035087, call frequency: 0.38596491228070173, raise frequency: 0.15789473684210525, fold frequency: 0.2631578947368421
 check frequency: 0.2, call frequency: 0.3826086956521739, raise frequency: 0.1565217391304348, fold frequency: 0.2608695652173913
 check frequency: 0.19827586206896552, call frequency: 0.3793103448275862, raise frequency: 0.15517241379310345, fold frequency: 0.2672413793103448
 check frequency: 0.19658119658119658, call frequency: 0.38461538461538464, raise frequency: 0.15384615384615385, fold frequency: 0.26495726495726496
 check frequency: 0.19491525423728814, call frequency: 0.3813559322033898, raise frequency: 0.15254237288135594, fold frequency: 0.2711864406779661
 check frequency: 0.19327731092436976, call frequency: 0.37815126050420167, raise frequency: 0.15126050420168066, fold frequency: 0.2773109243697479
 check frequency: 0.19166666666666668, call frequency: 0.375, raise frequency: 0.15833333333333333, fold frequency: 0.275
 check frequency: 0.19008264462809918, call frequency: 0.371900826446281, raise frequency: 0.1652892561983471, fold frequency: 0.2727272727272727
 check frequency: 0.1885245901639344, call frequency: 0.3770491803278688, raise frequency: 0.16393442622950818, fold frequency: 0.27049180327868855
 check frequency: 0.18699186991869918, call frequency: 0.3821138211382114, raise frequency: 0.16260162601626016, fold frequency: 0.2682926829268293
 check frequency: 0.18548387096774194, call frequency: 0.3870967741935484, raise frequency: 0.16129032258064516, fold frequency: 0.2661290322580645
 check frequency: 0.184, call frequency: 0.392, raise frequency: 0.16, fold frequency: 0.264
 check frequency: 0.18253968253968253, call frequency: 0.3888888888888889, raise frequency: 0.16666666666666666, fold frequency: 0.2619047619047619
 check frequency: 0.1889763779527559, call frequency: 0.3858267716535433, raise frequency: 0.16535433070866143, fold frequency: 0.25984251968503935
 check frequency: 0.1875, call frequency: 0.3828125, raise frequency: 0.171875, fold frequency: 0.2578125
 check frequency: 0.18604651162790697, call frequency: 0.3875968992248062, raise frequency: 0.17054263565891473, fold frequency: 0.2558139534883721
 check frequency: 0.18461538461538463, call frequency: 0.3923076923076923, raise frequency: 0.16923076923076924, fold frequency: 0.25384615384615383
 check frequency: 0.183206106870229, call frequency: 0.3969465648854962, raise frequency: 0.16793893129770993, fold frequency: 0.25190839694656486
 check frequency: 0.18181818181818182, call frequency: 0.4015151515151515, raise frequency: 0.16666666666666666, fold frequency: 0.25
 check frequency: 0.18045112781954886, call frequency: 0.39849624060150374, raise frequency: 0.16541353383458646, fold frequency: 0.2556390977443609
 check frequency: 0.1791044776119403, call frequency: 0.40298507462686567, raise frequency: 0.16417910447761194, fold frequency: 0.2537313432835821
 check frequency: 0.17777777777777778, call frequency: 0.4, raise frequency: 0.16296296296296298, fold frequency: 0.25925925925925924
 check frequency: 0.17647058823529413, call frequency: 0.40441176470588236, raise frequency: 0.16176470588235295, fold frequency: 0.25735294117647056
 check frequency: 0.17518248175182483, call frequency: 0.40875912408759124, raise frequency: 0.16058394160583941, fold frequency: 0.25547445255474455
 check frequency: 0.17391304347826086, call frequency: 0.4057971014492754, raise frequency: 0.16666666666666666, fold frequency: 0.2536231884057971
 check frequency: 0.17266187050359713, call frequency: 0.41007194244604317, raise frequency: 0.16546762589928057, fold frequency: 0.2517985611510791
 check frequency: 0.17142857142857143, call frequency: 0.40714285714285714, raise frequency: 0.16428571428571428, fold frequency: 0.2571428571428571
 check frequency: 0.1702127659574468, call frequency: 0.40425531914893614, raise frequency: 0.1702127659574468, fold frequency: 0.2553191489361702
 check frequency: 0.16901408450704225, call frequency: 0.4014084507042254, raise frequency: 0.176056338028169, fold frequency: 0.2535211267605634
 check frequency: 0.16783216783216784, call frequency: 0.40559440559440557, raise frequency: 0.17482517482517482, fold frequency: 0.2517482517482518
 check frequency: 0.16666666666666666, call frequency: 0.4027777777777778, raise frequency: 0.18055555555555555, fold frequency: 0.25
 check frequency: 0.16551724137931034, call frequency: 0.4, raise frequency: 0.18620689655172415, fold frequency: 0.2482758620689655
 check frequency: 0.1643835616438356, call frequency: 0.3972602739726027, raise frequency: 0.1917808219178082, fold frequency: 0.2465753424657534
 check frequency: 0.16326530612244897, call frequency: 0.3945578231292517, raise frequency: 0.19727891156462585, fold frequency: 0.24489795918367346
 check frequency: 0.16216216216216217, call frequency: 0.39864864864864863, raise frequency: 0.19594594594594594, fold frequency: 0.24324324324324326
 check frequency: 0.1610738255033557, call frequency: 0.3959731543624161, raise frequency: 0.19463087248322147, fold frequency: 0.2483221476510067
 check frequency: 0.16, call frequency: 0.4, raise frequency: 0.19333333333333333, fold frequency: 0.24666666666666667
 check frequency: 0.15894039735099338, call frequency: 0.3973509933774834, raise frequency: 0.1986754966887417, fold frequency: 0.24503311258278146
 check frequency: 0.15789473684210525, call frequency: 0.39473684210526316, raise frequency: 0.20394736842105263, fold frequency: 0.24342105263157895
 check frequency: 0.1568627450980392, call frequency: 0.39215686274509803, raise frequency: 0.20261437908496732, fold frequency: 0.24836601307189543
 check frequency: 0.15584415584415584, call frequency: 0.38961038961038963, raise frequency: 0.2012987012987013, fold frequency: 0.2532467532467532
 check frequency: 0.16129032258064516, call frequency: 0.3870967741935484, raise frequency: 0.2, fold frequency: 0.25161290322580643
 check frequency: 0.16025641025641027, call frequency: 0.38461538461538464, raise frequency: 0.20512820512820512, fold frequency: 0.25
 check frequency: 0.1592356687898089, call frequency: 0.3821656050955414, raise frequency: 0.20382165605095542, fold frequency: 0.25477707006369427
 check frequency: 0.15822784810126583, call frequency: 0.379746835443038, raise frequency: 0.2088607594936709, fold frequency: 0.25316455696202533
 check frequency: 0.15723270440251572, call frequency: 0.3836477987421384, raise frequency: 0.20754716981132076, fold frequency: 0.25157232704402516
 check frequency: 0.1625, call frequency: 0.38125, raise frequency: 0.20625, fold frequency: 0.25
 check frequency: 0.16149068322981366, call frequency: 0.37888198757763975, raise frequency: 0.20496894409937888, fold frequency: 0.2546583850931677
 check frequency: 0.16049382716049382, call frequency: 0.38271604938271603, raise frequency: 0.2037037037037037, fold frequency: 0.25308641975308643
 check frequency: 0.15950920245398773, call frequency: 0.38650306748466257, raise frequency: 0.20245398773006135, fold frequency: 0.25153374233128833
 check frequency: 0.15853658536585366, call frequency: 0.3902439024390244, raise frequency: 0.20121951219512196, fold frequency: 0.25
 check frequency: 0.16363636363636364, call frequency: 0.3878787878787879, raise frequency: 0.2, fold frequency: 0.24848484848484848
 check frequency: 0.1686746987951807, call frequency: 0.3855421686746988, raise frequency: 0.19879518072289157, fold frequency: 0.2469879518072289
 check frequency: 0.17365269461077845, call frequency: 0.38323353293413176, raise frequency: 0.19760479041916168, fold frequency: 0.24550898203592814
 check frequency: 0.17857142857142858, call frequency: 0.38095238095238093, raise frequency: 0.19642857142857142, fold frequency: 0.24404761904761904
 check frequency: 0.17751479289940827, call frequency: 0.38461538461538464, raise frequency: 0.1952662721893491, fold frequency: 0.24260355029585798
 check frequency: 0.17647058823529413, call frequency: 0.38235294117647056, raise frequency: 0.19411764705882353, fold frequency: 0.24705882352941178
 check frequency: 0.17543859649122806, call frequency: 0.38596491228070173, raise frequency: 0.19298245614035087, fold frequency: 0.24561403508771928
 check frequency: 0.1744186046511628, call frequency: 0.38372093023255816, raise frequency: 0.19186046511627908, fold frequency: 0.25
 check frequency: 0.17341040462427745, call frequency: 0.3815028901734104, raise frequency: 0.1907514450867052, fold frequency: 0.2543352601156069
 check frequency: 0.1724137931034483, call frequency: 0.3793103448275862, raise frequency: 0.1896551724137931, fold frequency: 0.25862068965517243
 check frequency: 0.17142857142857143, call frequency: 0.37714285714285717, raise frequency: 0.18857142857142858, fold frequency: 0.26285714285714284
 check frequency: 0.17045454545454544, call frequency: 0.375, raise frequency: 0.1875, fold frequency: 0.26704545454545453
 check frequency: 0.1694915254237288, call frequency: 0.3728813559322034, raise frequency: 0.1864406779661017, fold frequency: 0.2711864406779661
 check frequency: 0.16853932584269662, call frequency: 0.37640449438202245, raise frequency: 0.1853932584269663, fold frequency: 0.2696629213483146
 check frequency: 0.16759776536312848, call frequency: 0.37988826815642457, raise frequency: 0.18435754189944134, fold frequency: 0.2681564245810056
 check frequency: 0.16666666666666666, call frequency: 0.38333333333333336, raise frequency: 0.18333333333333332, fold frequency: 0.26666666666666666
 check frequency: 0.16574585635359115, call frequency: 0.3812154696132597, raise frequency: 0.1878453038674033, fold frequency: 0.26519337016574585
 check frequency: 0.16483516483516483, call frequency: 0.3791208791208791, raise frequency: 0.19230769230769232, fold frequency: 0.26373626373626374
 check frequency: 0.16393442622950818, call frequency: 0.3825136612021858, raise frequency: 0.1912568306010929, fold frequency: 0.26229508196721313
 check frequency: 0.16304347826086957, call frequency: 0.3804347826086957, raise frequency: 0.1956521739130435, fold frequency: 0.2608695652173913
 check frequency: 0.16216216216216217, call frequency: 0.3783783783783784, raise frequency: 0.2, fold frequency: 0.2594594594594595
 check frequency: 0.16129032258064516, call frequency: 0.3817204301075269, raise frequency: 0.1989247311827957, fold frequency: 0.25806451612903225
 check frequency: 0.16042780748663102, call frequency: 0.3850267379679144, raise frequency: 0.19786096256684493, fold frequency: 0.25668449197860965
 check frequency: 0.1595744680851064, call frequency: 0.3829787234042553, raise frequency: 0.20212765957446807, fold frequency: 0.2553191489361702
 check frequency: 0.15873015873015872, call frequency: 0.38095238095238093, raise frequency: 0.20634920634920634, fold frequency: 0.25396825396825395
 check frequency: 0.15789473684210525, call frequency: 0.38421052631578945, raise frequency: 0.20526315789473684, fold frequency: 0.25263157894736843
 check frequency: 0.15706806282722513, call frequency: 0.387434554973822, raise frequency: 0.20418848167539266, fold frequency: 0.2513089005235602
 check frequency: 0.15625, call frequency: 0.3854166666666667, raise frequency: 0.203125, fold frequency: 0.2552083333333333
 check frequency: 0.15544041450777202, call frequency: 0.38341968911917096, raise frequency: 0.20207253886010362, fold frequency: 0.25906735751295334
 check frequency: 0.15463917525773196, call frequency: 0.38144329896907214, raise frequency: 0.20618556701030927, fold frequency: 0.25773195876288657
 check frequency: 0.15897435897435896, call frequency: 0.37948717948717947, raise frequency: 0.20512820512820512, fold frequency: 0.2564102564102564
 check frequency: 0.15816326530612246, call frequency: 0.37755102040816324, raise frequency: 0.20918367346938777, fold frequency: 0.25510204081632654
 check frequency: 0.15736040609137056, call frequency: 0.3756345177664975, raise frequency: 0.20812182741116753, fold frequency: 0.25888324873096447
 check frequency: 0.15656565656565657, call frequency: 0.3787878787878788, raise frequency: 0.20707070707070707, fold frequency: 0.25757575757575757
 check frequency: 0.15577889447236182, call frequency: 0.38190954773869346, raise frequency: 0.20603015075376885, fold frequency: 0.2562814070351759
 check frequency: 0.155, call frequency: 0.385, raise frequency: 0.205, fold frequency: 0.255
 check frequency: 0.15422885572139303, call frequency: 0.38308457711442784, raise frequency: 0.208955223880597, fold frequency: 0.2537313432835821
 check frequency: 0.15841584158415842, call frequency: 0.3811881188118812, raise frequency: 0.2079207920792079, fold frequency: 0.2524752475247525
 check frequency: 0.1625615763546798, call frequency: 0.3793103448275862, raise frequency: 0.20689655172413793, fold frequency: 0.2512315270935961
 check frequency: 0.16176470588235295, call frequency: 0.37745098039215685, raise frequency: 0.2107843137254902, fold frequency: 0.25
 check frequency: 0.16097560975609757, call frequency: 0.3804878048780488, raise frequency: 0.2097560975609756, fold frequency: 0.24878048780487805
 check frequency: 0.16019417475728157, call frequency: 0.3786407766990291, raise frequency: 0.2087378640776699, fold frequency: 0.2524271844660194
 check frequency: 0.15942028985507245, call frequency: 0.37681159420289856, raise frequency: 0.20772946859903382, fold frequency: 0.2560386473429952
 check frequency: 0.15865384615384615, call frequency: 0.3798076923076923, raise frequency: 0.20673076923076922, fold frequency: 0.2548076923076923
 check frequency: 0.15789473684210525, call frequency: 0.3827751196172249, raise frequency: 0.20574162679425836, fold frequency: 0.2535885167464115
 check frequency: 0.15714285714285714, call frequency: 0.38571428571428573, raise frequency: 0.20476190476190476, fold frequency: 0.2523809523809524
 check frequency: 0.15639810426540285, call frequency: 0.3886255924170616, raise frequency: 0.2037914691943128, fold frequency: 0.25118483412322273
 check frequency: 0.15566037735849056, call frequency: 0.3867924528301887, raise frequency: 0.20754716981132076, fold frequency: 0.25
 check frequency: 0.15492957746478872, call frequency: 0.38497652582159625, raise frequency: 0.20657276995305165, fold frequency: 0.2535211267605634
 check frequency: 0.1542056074766355, call frequency: 0.38317757009345793, raise frequency: 0.2102803738317757, fold frequency: 0.2523364485981308
 check frequency: 0.15348837209302327, call frequency: 0.3813953488372093, raise frequency: 0.21395348837209302, fold frequency: 0.25116279069767444
 check frequency: 0.1527777777777778, call frequency: 0.37962962962962965, raise frequency: 0.21296296296296297, fold frequency: 0.25462962962962965
 check frequency: 0.15207373271889402, call frequency: 0.3778801843317972, raise frequency: 0.2119815668202765, fold frequency: 0.25806451612903225
 check frequency: 0.15137614678899083, call frequency: 0.3761467889908257, raise frequency: 0.21559633027522937, fold frequency: 0.25688073394495414
 check frequency: 0.1506849315068493, call frequency: 0.3744292237442922, raise frequency: 0.2146118721461187, fold frequency: 0.2602739726027397
 check frequency: 0.15, call frequency: 0.37272727272727274, raise frequency: 0.21363636363636362, fold frequency: 0.2636363636363636